0.566037736,0.006289308,0.352201258,0.075471698
0.102661597,0.338403042,0.212927757,0.346007605
0.243445693,0.146067416,0.322097378,0.288389513
0.338235294,0.253676471,0.161764706,0.246323529
0.362637363,0.10989011,0.26007326,0.267399267
0.149425287,0.229885057,0.137931034,0.482758621
0.09202454,0.343558282,0.392638037,0.171779141
0.108280255,0.305732484,0.044585987,0.541401274
0.245847176,0.189368771,0.23255814,0.332225914
0.215859031,0.370044053,0.378854626,0.035242291
0.052023121,0.38150289,0.445086705,0.121387283
0.255639098,0.248120301,0.473684211,0.022556391
0.09223301,0.145631068,0.383495146,0.378640777
0.416666667,0.151041667,0.130208333,0.302083333
0.135514019,0.401869159,0.397196262,0.065420561
0.223880597,0.253731343,0.082089552,0.440298507
0.231316726,0.34519573,0.1886121,0.234875445
0.694117647,0.164705882,0.047058824,0.094117647
0.394230769,0.115384615,0.024038462,0.466346154
0.054545455,0.081818182,0.422727273,0.440909091
0.186666667,0.173333333,0.626666667,0.013333333
0.376884422,0.266331658,0.24120603,0.115577889
0.071428571,0.005952381,0.529761905,0.392857143
0.420765027,0.158469945,0.371584699,0.049180328
0.217391304,0.268774704,0.320158103,0.193675889
0.369747899,0.289915966,0.336134454,0.004201681
0.567251462,0.157894737,0.222222222,0.052631579
0.24822695,0.170212766,0.09929078,0.482269504
0.309090909,0.277272727,0.140909091,0.272727273
0.301724138,0.267241379,0.219827586,0.211206897
0.346534653,0.153465347,0.153465347,0.346534653
0.031007752,0.333333333,0.240310078,0.395348837
0.31598513,0.260223048,0.078066914,0.345724907
0.354037267,0.447204969,0.043478261,0.155279503
0.266871166,0.27607362,0.196319018,0.260736196
0.239520958,0.119760479,0.299401198,0.341317365
0.083003953,0.367588933,0.233201581,0.316205534
0.303370787,0.337078652,0.112359551,0.247191011
0.306451613,0.048387097,0.596774194,0.048387097
0.425837321,0.38277512,0.129186603,0.062200957
0.175895765,0.293159609,0.237785016,0.293159609
0.421052632,0.37593985,0.187969925,0.015037594
0.022222222,0.433333333,0.355555556,0.188888889
0.293172691,0.064257028,0.313253012,0.329317269
0.331460674,0.213483146,0.061797753,0.393258427
0.227138643,0.280235988,0.283185841,0.209439528
0.067669173,0.372180451,0.368421053,0.191729323
0.170212766,0.323404255,0.170212766,0.336170213
0.271698113,0.075471698,0.343396226,0.309433962
0.47133758,0.324840764,0.140127389,0.063694268
0.023474178,0.464788732,0.375586854,0.136150235
0.274509804,0.289215686,0.254901961,0.181372549
0.113636364,0.613636364,0.106060606,0.166666667
0.090909091,0.118181818,0.672727273,0.118181818
0.04,0.353333333,0.58,0.026666667
0.106463878,0.239543726,0.376425856,0.27756654
0.04368932,0.223300971,0.281553398,0.451456311
0.11971831,0.669014085,0.133802817,0.077464789
0.186528497,0.492227979,0.248704663,0.07253886
0.477272727,0.022727273,0.136363636,0.363636364
0.316602317,0.312741313,0.084942085,0.285714286
0.052287582,0.294117647,0.490196078,0.163398693
0.446078431,0.004901961,0.269607843,0.279411765
0.098159509,0.417177914,0.079754601,0.404907975
0.12605042,0.058823529,0.168067227,0.647058824
0.077981651,0.376146789,0.096330275,0.449541284
0.405172414,0.228448276,0.038793103,0.327586207
0.175438596,0.021929825,0.385964912,0.416666667
0.188172043,0.365591398,0.037634409,0.408602151
0.192567568,0.327702703,0.226351351,0.253378378
0.242424242,0.171717172,0.247474747,0.338383838
0.108597285,0.43438914,0.452488688,0.004524887
0.114503817,0.526717557,0.236641221,0.122137405
0.022727273,0.290909091,0.313636364,0.372727273
0.294117647,0.281045752,0.405228758,0.019607843
0.028301887,0.301886792,0.405660377,0.264150943
0.472868217,0.131782946,0.325581395,0.069767442
0.237864078,0.160194175,0.291262136,0.310679612
0.223048327,0.282527881,0.211895911,0.282527881
0.332116788,0.156934307,0.284671533,0.226277372
0.363636364,0.073863636,0.244318182,0.318181818
0.148514851,0.138613861,0.465346535,0.247524752
0.279761905,0.011904762,0.583333333,0.125
0.049450549,0.5,0.087912088,0.362637363
0.193430657,0.204379562,0.339416058,0.262773723
0.217142857,0.154285714,0.331428571,0.297142857
0.337552743,0.303797468,0.050632911,0.308016878
0.375796178,0.566878981,0.025477707,0.031847134
0.494736842,0.273684211,0.068421053,0.163157895
0.373134328,0.152985075,0.179104478,0.294776119
0.308176101,0.135220126,0.314465409,0.242138365
0.295597484,0.295597484,0.132075472,0.27672956
0.118721461,0.164383562,0.315068493,0.401826484
0.170040486,0.16194332,0.340080972,0.327935223
0.238297872,0.34893617,0.221276596,0.191489362
0.237209302,0.320930233,0.353488372,0.088372093
0.368821293,0.368821293,0.209125475,0.053231939
0.525139665,0.201117318,0.150837989,0.122905028
0.155660377,0.466981132,0.349056604,0.028301887
0.016666667,0.2375,0.370833333,0.375
0.328767123,0.328767123,0.200913242,0.141552511
0.403940887,0.177339901,0.344827586,0.073891626
0.369918699,0.142276423,0.390243902,0.097560976
0.025477707,0.324840764,0.012738854,0.636942675
0.088888889,0.007407407,0.688888889,0.214814815
0.172972973,0.232432432,0.135135135,0.459459459
0.379464286,0.303571429,0.075892857,0.241071429
0.103225806,0.2,0.258064516,0.438709677
0.271084337,0.138554217,0.162650602,0.427710843
0.303964758,0.295154185,0.145374449,0.255506608
0.313653137,0.295202952,0.029520295,0.361623616
0.470238095,0.047619048,0.44047619,0.041666667
0.074285714,0.108571429,0.285714286,0.531428571
0.363265306,0.2,0.355102041,0.081632653
0.329059829,0.418803419,0.222222222,0.02991453
0.358490566,0.260377358,0.316981132,0.064150943
0.223300971,0.349514563,0.184466019,0.242718447
0.129032258,0.427419355,0.322580645,0.120967742
0.151315789,0.171052632,0.585526316,0.092105263
0.074468085,0.340425532,0.262411348,0.322695035
0.352941176,0.023529412,0.2,0.423529412
0.076923077,0.115384615,0.684615385,0.123076923
0.0472103,0.369098712,0.223175966,0.360515021
0.283842795,0.135371179,0.248908297,0.331877729
0.741666667,0.133333333,0.008333333,0.116666667
0.170731707,0.323170732,0.018292683,0.487804878
0.358208955,0.171641791,0.365671642,0.104477612
0.049180328,0.37704918,0.381147541,0.192622951
0.208955224,0.253731343,0.213930348,0.323383085
0.203773585,0.290566038,0.290566038,0.21509434
0.334745763,0.173728814,0.338983051,0.152542373
0.112612613,0.121621622,0.369369369,0.396396396
0.342995169,0.09178744,0.256038647,0.309178744
0.285714286,0.254464286,0.352678571,0.107142857
0.185770751,0.320158103,0.335968379,0.158102767
0.380597015,0.223880597,0.28358209,0.111940299
0.25095057,0.342205323,0.247148289,0.159695817
0.335078534,0.130890052,0.45026178,0.083769634
0.239482201,0.226537217,0.249190939,0.284789644
0.29468599,0.164251208,0.347826087,0.193236715
0.424528302,0.127358491,0.174528302,0.273584906
0.231527094,0.482758621,0.113300493,0.172413793
0.488,0.08,0.224,0.208
0.434782609,0.222222222,0.275362319,0.06763285
0.290102389,0.23890785,0.170648464,0.300341297
0.113924051,0.443037975,0.17721519,0.265822785
0.095833333,0.275,0.416666667,0.2125
0.259259259,0.349206349,0.026455026,0.365079365
0.392,0.368,0.144,0.096
0.084210526,0.063157895,0.052631579,0.8
0.094420601,0.214592275,0.309012876,0.381974249
0.311418685,0.297577855,0.07266436,0.3183391
0.091463415,0.109756098,0.530487805,0.268292683
0.101503759,0.364661654,0.360902256,0.172932331
0.201550388,0.356589147,0.387596899,0.054263566
0.5,0.007142857,0.335714286,0.157142857
0.123376623,0.097402597,0.61038961,0.168831169
0.06626506,0.204819277,0.13253012,0.596385542
0.141818182,0.294545455,0.345454545,0.218181818
0.426229508,0.024590164,0.418032787,0.131147541
0.086642599,0.299638989,0.259927798,0.353790614
0.273764259,0.209125475,0.197718631,0.319391635
0.109311741,0.214574899,0.356275304,0.319838057
0.19391635,0.376425856,0.315589354,0.114068441
0.471590909,0.176136364,0.244318182,0.107954545
0.189393939,0.590909091,0.113636364,0.106060606
0.044692737,0.335195531,0.418994413,0.201117318
0.092105263,0.322368421,0.322368421,0.263157895
0.163636364,0.254545455,0.263636364,0.318181818
0.268456376,0.144295302,0.265100671,0.322147651
0.171617162,0.300330033,0.290429043,0.237623762
0.371212121,0.272727273,0.015151515,0.340909091
0.1,0.578571429,0.2,0.121428571
0.191964286,0.433035714,0.258928571,0.116071429
0.251612903,0.309677419,0.161290323,0.277419355
0.367088608,0.333333333,0.198312236,0.101265823
0.181208054,0.275167785,0.026845638,0.516778523
0.16097561,0.248780488,0.107317073,0.482926829
0.403433476,0.321888412,0.030042918,0.244635193
0.195530726,0.234636872,0.229050279,0.340782123
0.393305439,0.225941423,0.19665272,0.184100418
0.354330709,0.381889764,0.137795276,0.125984252
0.475409836,0.262295082,0.106557377,0.155737705
0.00921659,0.179723502,0.3640553,0.447004608
0.30625,0.2375,0.2125,0.24375
0.25,0.061403509,0.333333333,0.355263158
0.086419753,0.296296296,0.24691358,0.37037037
0.406593407,0.032967033,0.428571429,0.131868132
0.311557789,0.442211055,0.065326633,0.180904523
0.24122807,0.201754386,0.127192982,0.429824561
0.312820513,0.364102564,0.21025641,0.112820513
0.120967742,0.411290323,0.137096774,0.330645161
0.200668896,0.260869565,0.227424749,0.311036789
0.25,0.341666667,0.216666667,0.191666667
0.420560748,0.289719626,0.196261682,0.093457944
0.168141593,0.769911504,0.044247788,0.017699115
0.284210526,0.133333333,0.280701754,0.301754386
0.593939394,0.096969697,0.218181818,0.090909091
0.23857868,0.218274112,0.294416244,0.248730964
0.215686275,0.039215686,0.019607843,0.725490196
